
Number of Polygons


		chess1.3ds		chess2.3ds		chess0.3ds
Pawn		 2400			 2350			  496
Knight		15350			 2154			  588
Bishop		 5814			 4267			  800
Rook		 2256			 2444			  576
Queen		 3592			 4926			 1280
King		 3214			 5100			 1120

Frame		 1920			 1920			  464
Square		   12			   12			   12

------------------------------------------------------------------------------------------------

16 Pawns	38400			37600			 7936
 4 Knights	61400			 8616			 2352			
 4 Bishops	23256			17068			 3200	
 4 Rooks	 9024			 9776			 2304
 2 Queens	 7184			 9852			 3840
 2 Kings	 6428			10200			 2240
 1 Frame	 1920			 1920			  464
64 Squares	  768			  768			  768

------------------------------------------------------------------------------------------------

Total		148380			95800			23104	  